1000 1000
120
421
393
815
625
217
594
466
936
41
396
218
747
134
699
776
962
576
656
654
542
979
320
693
697
645
288
835
347
621
252
753
944
854
931
139
4
946
76
216
634
402
736
932
135
440
736
90
260
305
561
559
90
62
727
391
995
177
161
947
773
134
364
684
607
299
797
472
707
255
439
794
700
677
8
2
647
238
606
486
649
110
262
770
13
924
989
796
832
863
800
76
187
278
836
666
420
404
301
623
476
595
529
509
7
797
898
678
156
758
897
316
867
776
680
130
547
455
561
997
438
221
66
982
521
983
3
689
944
749
337
727
191
738
162
863
727
392
157
600
768
820
597
234
932
894
158
687
766
194
713
597
703
969
512
442
771
737
81
926
924
992
955
261
980
101
659
328
843
980
900
347
592
725
552
643
637
380
135
290
924
556
67
837
80
158
80
437
803
946
935
602
985
903
744
347
411
9
3
970
58
175
323
379
218
206
168
100
81
134
856
723
119
261
997
837
123
566
467
992
126
604
330
72
606
763
509
837
265
408
111
414
603
382
349
904
403
948
847
206
708
321
643
867
803
447
390
428
184
837
677
182
115
791
183
638
861
651
755
686
393
511
708
668
428
513
700
147
461
180
661
462
368
782
214
407
610
976
273
77
737
881
236
796
195
475
289
576
423
112
465
111
154
885
328
283
302
194
896
535
863
823
767
602
906
77
550
568
26
436
799
417
861
23
595
162
484
141
41
895
352
693
685
29
933
488
920
372
294
981
673
285
543
712
62
892
754
652
818
387
385
326
102
869
362
410
203
629
386
727
644
306
135
869
405
291
245
138
568
964
157
80
338
907
412
385
566
910
58
642
838
20
703
942
513
869
36
169
753
214
645
388
305
931
510
844
244
188
920
929
829
221
109
73
538
118
576
933
57
293
819
793
608
587
836
446
637
181
582
820
108
906
362
559
925
220
552
726
433
753
864
87
176
984
495
139
965
662
768
420
436
956
549
22
377
47
478
630
792
821
660
444
403
129
454
858
768
597
531
592
602
342
913
766
64
187
859
294
477
542
473
366
332
292
954
101
763
613
486
873
324
68
586
100
822
871
88
280
622
328
36
920
865
6
259
286
103
600
900
116
156
168
281
806
444
831
131
974
433
202
41
789
264
78
180
4
548
965
558
229
954
111
876
905
708
139
965
316
843
436
832
495
781
903
924
401
125
885
789
193
825
413
133
61
869
596
257
955
394
38
125
851
545
891
241
159
176
919
56
492
680
291
624
865
233
528
540
126
699
656
984
1000
423
552
891
974
511
261
254
518
602
613
316
193
115
393
643
281
859
33
699
983
364
940
653
460
325
117
629
21
24
322
880
521
84
181
231
134
439
15
516
461
329
877
172
673
441
880
116
810
187
184
957
491
634
485
234
58
556
819
228
511
785
598
24
596
915
709
347
882
900
105
714
944
298
606
964
371
461
638
192
59
513
886
632
200
452
335
559
742
290
52
782
786
28
256
644
741
204
516
530
898
123
182
914
963
130
752
858
630
860
675
146
324
511
41
688
164
362
552
519
153
869
605
231
753
436
140
465
735
891
111
814
493
668
5
786
549
853
187
40
480
656
150
11
974
361
806
752
630
455
31
929
754
139
152
798
53
838
129
544
334
105
829
966
100
639
232
466
221
81
112
794
374
265
22
857
918
245
243
203
813
451
35
641
598
908
678
991
646
461
594
627
619
242
558
293
448
255
818
553
189
376
620
46
746
556
419
846
958
640
248
341
605
390
575
60
98
835
311
300
457
416
815
522
469
95
2
795
935
293
504
752
815
282
927
857
873
400
236
556
508
911
279
133
729
445
137
541
299
238
66
116
597
924
871
995
667
534
988
143
686
886
907
670
828
532
754
373
572
196
449
67
204
705
354
52
830
337
260
197
160
324
1
345
641
783
512
683
128
243
291
985
806
187
709
247
790
939
378
741
193
901
656
330
885
649
844
485
14
871
455
589
331
359
280
235
478
569
493
529
763
1
515
96
324
402
440
335
317
451
837
467
448
30
340
291
462
843
549
234
323
85
983
814
944
250
648
910
228
75
887
233
468
17
487
848
331
675
360
921
556
896
796
747
542
163
350
295
151
660
556
593
654
506
967
490
897
55
816
104
722
495
865
225
742
812
708
520
799
348
939
497
414
890
578
246
123
423
114
256
602
342
387
507
617
29
361
135
156
931
257
618
52
839
459
659
440
158
321
933
605
74
437
73
41
426
848
832
559
454
66
93
395
898
928
318
837
898
265
