1000 1000
4403
8355
1489
6979
3511
9792
5617
3253
9643
4946
3440
5404
9025
754
7735
3752
1268
7316
9179
300
2039
5945
2574
3866
1131
1887
4398
9741
9197
4600
4807
8271
7668
6504
2306
9504
9101
3879
1974
7960
4656
7620
2720
1142
3085
3266
6965
2859
993
8557
8263
1738
7587
6867
1653
1763
2357
8492
5458
4766
458
955
6266
67
5815
9194
5036
8640
4511
6660
7704
4257
2704
6709
8899
1924
1681
7971
92
1018
3452
8128
802
1973
272
3421
2571
7913
388
9425
4072
6761
5924
5696
2573
2082
1057
8904
2436
8096
4216
7244
7650
3187
5056
2233
9399
8048
9048
1463
5292
6889
2009
9272
7505
9430
6385
8494
8103
5572
6917
9934
1298
5495
7306
1794
1246
3737
1852
6182
6816
3589
7827
6695
62
6490
9703
9918
6069
2487
5493
4991
8480
926
6536
2013
7088
3330
4362
186
2938
1822
4007
6012
8872
9673
669
6544
2362
5047
2229
1136
5822
3006
1183
1277
2014
4350
6507
3157
8127
6307
5103
3341
7923
9784
8450
8407
2935
9656
8163
4134
9033
8925
3076
5750
6154
8771
4554
5154
6231
5258
8787
3700
6229
9428
8273
5110
955
1619
6291
5012
9362
8175
530
4377
1221
442
5947
9078
269
2472
3973
7756
9606
6673
343
3234
3831
1471
7665
7493
5948
3714
410
7696
736
1992
8972
7242
7387
7522
8872
5248
4583
2971
9832
4249
9685
9054
4432
6054
8826
5594
5231
1403
6760
691
3707
9977
9377
5703
1132
3009
9835
7949
5664
3683
2771
9620
7600
8143
3686
3836
5048
7416
341
4507
399
3268
5086
9532
7141
6882
6042
9612
968
1431
7738
1741
6078
8894
9271
5288
338
8804
8758
4001
2897
5596
4312
2585
7302
599
4046
6543
7521
968
4898
7343
4943
7438
3795
6849
964
5039
5749
9261
2476
183
4813
983
153
5807
2973
8175
1320
5881
3334
3958
8025
6173
1702
6938
5247
29
559
5965
5770
3410
2455
2702
4555
656
3306
74
2454
1627
7368
6149
3290
7885
3812
6223
9631
3506
3659
1288
6743
8547
6015
5730
5027
6173
4481
6785
3646
9217
432
371
9868
7503
6645
3493
3839
2580
6133
129
9043
3358
626
1833
7492
1461
6266
4137
1885
3327
712
6974
6435
1989
3060
45
4122
2380
2223
9410
1594
2453
9328
8064
8247
8494
8274
3432
3114
7155
6099
7275
442
1832
767
6243
1339
5253
201
3467
7066
9291
8973
6045
7505
3003
1383
9675
2651
9396
4383
8260
2728
4091
5851
2939
4401
6388
2327
5264
2682
6804
2004
3327
5247
9100
9279
6468
3205
8666
4559
4195
8662
9764
9745
2431
9021
8899
5292
5881
3646
232
8149
8769
3711
6521
2154
8528
7546
8263
9227
3088
4172
7284
3678
3588
7730
4518
5123
882
6849
5719
2250
7698
499
1669
8563
4429
6260
9561
8105
7097
7102
671
9301
2043
8529
2553
5684
5508
2215
5620
5358
3782
3953
8210
5411
3519
9834
7889
1476
3630
2999
1511
6838
2876
5186
2231
4710
7553
9537
7677
3650
4830
8941
2438
1084
1396
3615
7219
7061
7695
1801
1773
7838
2534
3616
4237
1775
5127
3358
3892
2977
4459
4261
605
7861
3253
9008
3257
7508
3993
2590
2126
2650
1790
2668
147
6078
6728
8787
3984
9087
1516
1049
4279
8556
7467
2524
1905
819
8086
7338
2807
8483
8908
8344
2322
9779
62
8263
2968
4345
3661
5549
9538
8988
7249
8729
7041
6091
1771
9015
376
1890
3947
2488
7408
2462
8373
7438
7159
9656
582
5626
2521
4331
3841
4607
7955
9566
6301
2042
357
5482
1856
7467
9011
855
4620
6559
4525
5044
9168
1999
8027
9199
3939
1813
9648
5122
4542
4213
8520
7424
4883
9660
6830
3110
3341
8925
4887
7920
6771
6459
7091
600
8519
3420
4996
1784
6272
4328
478
9873
8420
6572
2128
754
2313
7212
1254
4522
6701
6554
926
639
2638
1437
5023
2941
9944
1880
2630
9116
9079
5324
1955
2115
4090
1189
3342
6564
564
1381
1365
4438
1673
6925
5300
5847
5138
7630
6832
2134
8044
6858
5239
5920
4902
1670
7762
2262
6238
5265
5783
4491
637
2259
2831
248
6973
2496
5514
7036
6106
8375
3132
1438
2361
7645
879
2996
5576
4991
7966
8243
9371
4112
8413
5110
1889
8150
4243
5122
1802
1916
8889
4554
6616
9266
1215
4851
7599
3823
5959
2775
8254
107
5889
7334
1705
4586
611
752
9216
5359
878
6527
3330
3874
9326
7768
7443
9297
5658
1986
503
3856
8223
4743
3891
6728
4279
8996
4086
1796
7656
1653
2820
6045
7391
5280
8052
6544
1767
4639
7872
4039
4136
2893
2752
5312
5277
6046
3252
7915
9934
1042
3143
3768
5480
9798
5961
9873
9468
9313
4510
8141
813
5281
2018
3546
292
1063
4078
2770
8668
5228
6870
9636
1391
3582
8094
323
4148
6960
7773
129
2766
5022
455
4781
8387
1781
3837
6664
6635
8096
770
9206
9737
4345
7633
8774
8205
7050
6836
1285
3625
2344
798
2046
4162
7515
8984
9717
7227
7025
4890
4530
9942
8524
1458
3583
3226
6720
7917
2152
2715
2160
9057
5061
2868
8811
6418
314
5543
9139
5655
3033
2293
398
2746
9403
9655
7914
4867
1474
7699
4292
7299
6507
5952
849
2152
1847
4267
4891
5830
4260
3944
3458
1924
3162
972
8021
2712
476
6145
1728
2893
6839
8442
9865
2013
8964
8620
8165
9746
6069
9800
2750
9619
2778
3887
9342
9575
983
5118
9728
1263
6022
612
6455
6961
1588
8503
5673
3294
9303
5699
5680
2542
198
3135
9887
5292
6944
8254
6954
6036
3870
3630
4126
6228
1119
1632
8238
6209
5208
6996
371
8757
9260
9350
7260
7065
6845
3128
4677
9455
6266
2952
4302
1682
882
3329
7006
6339
2292
5131
7648
2509
9603
640
2061
8829
278
9341
8022
9732
7935
8897
2843
9487
4717
7970
9519
7320
1249
8411
6900
1303
4658
4706
2333
9789
4361
4883
5037
9109
