200 200
42
91
30
25
14
89
43
49
86
61
76
16
43
59
81
54
72
35
50
35
63
26
58
14
34
89
91
18
98
36
72
39
36
53
85
100
20
66
86
35
87
5
81
18
80
89
76
55
66
81
81
34
62
29
94
20
57
88
71
67
66
53
83
27
29
96
53
6
72
30
92
14
81
84
39
86
4
34
100
79
23
28
82
100
29
84
20
11
21
7
77
40
90
65
62
100
64
59
96
57
62
13
68
96
51
62
8
50
52
49
42
65
97
23
94
93
71
59
24
20
13
63
2
60
83
92
90
5
47
61
69
86
29
65
52
2
46
60
88
65
23
34
69
68
7
79
36
81
19
75
10
20
23
80
47
42
99
96
77
93
37
18
81
50
79
86
75
34
36
75
54
69
53
27
72
7
89
32
75
2
58
26
54
35
36
4
88
6
21
17
34
9
21
42
33
54
96
57
68
42
