230 230
868
686
329
274
605
157
581
48
428
469
804
319
663
979
345
830
100
863
748
474
505
571
273
349
617
364
407
664
25
30
215
243
411
693
943
656
986
878
504
690
812
432
970
844
542
46
964
262
596
15
65
448
170
892
280
777
972
37
2
81
245
993
195
171
112
593
172
323
593
704
847
298
758
364
908
229
350
497
582
445
279
452
437
410
384
919
743
248
767
583
789
698
336
593
255
665
445
114
253
192
73
64
313
625
662
448
959
879
976
462
126
971
270
884
678
904
9
866
439
390
974
617
256
24
965
4
535
51
573
601
942
693
649
396
509
804
656
251
475
775
979
349
861
923
405
511
965
865
181
279
900
528
661
638
523
769
299
646
999
21
279
170
90
783
231
468
486
124
121
920
104
24
357
735
848
317
736
548
502
220
651
272
948
816
898
169
35
38
813
543
193
509
665
730
22
255
604
648
897
657
596
381
514
803
29
313
644
513
57
881
244
12
457
948
92
474
295
144
930
164
61
995
505
767
123
392
221
817
206
610
