500 500
97
69
74
100
38
77
90
37
76
21
93
63
39
62
75
74
25
6
43
90
55
45
11
24
11
26
21
23
14
24
38
96
99
100
28
52
68
39
11
53
2
15
89
93
91
23
75
56
91
46
90
35
45
81
5
37
81
24
11
37
28
75
52
94
84
41
15
65
49
9
25
7
7
46
35
34
63
17
49
51
14
46
63
44
76
35
47
71
15
70
52
94
49
7
19
90
17
32
99
54
62
100
68
8
53
68
69
30
83
22
46
59
78
35
63
11
50
38
7
88
86
52
72
66
88
43
36
23
41
55
50
17
46
7
23
33
79
57
87
17
53
27
3
60
44
71
82
100
4
39
90
50
79
30
23
76
11
14
39
1
65
51
8
35
21
41
74
7
57
26
69
75
26
18
92
60
4
95
70
4
43
22
85
34
89
45
45
21
22
91
77
86
38
22
12
6
97
51
19
65
80
50
56
21
54
73
94
30
27
97
10
60
6
53
3
55
68
63
100
48
37
54
42
5
44
69
75
47
56
2
2
46
45
30
9
98
53
17
37
95
69
43
41
66
17
88
61
50
100
85
35
61
11
41
87
28
74
26
32
38
38
33
95
81
69
71
21
99
46
78
67
21
74
16
93
50
69
7
37
67
31
90
98
87
55
32
7
72
32
21
12
35
83
68
5
100
3
96
13
89
23
6
89
46
39
23
71
43
91
12
73
22
16
46
78
54
95
4
5
79
10
35
3
15
84
23
27
44
76
73
80
60
69
88
31
12
66
8
49
6
43
48
58
60
34
55
15
44
40
33
14
10
91
89
35
95
96
47
20
93
37
86
21
86
17
35
82
42
81
33
16
66
9
85
51
78
13
69
23
54
81
65
19
18
35
27
53
88
57
68
41
90
30
3
21
9
68
62
61
15
45
73
30
93
2
35
89
54
21
24
84
31
94
24
24
37
85
37
14
33
62
76
89
99
63
7
20
26
39
31
46
88
19
69
23
92
71
20
31
44
71
68
56
13
88
3
18
51
54
49
61
49
48
7
11
39
14
9
24
8
70
99
38
15
34
99
15
43
31
70
87
77
93
92
52
45
46
83
95
76
36
86
40
75
40
59
18
65
25
31
9
17
60
27
96
14
11
5
79
47
