200 200
3022
6027
839
8100
6139
7947
1885
3433
5300
8481
8390
4250
5290
6007
8833
2947
3103
9265
116
2041
479
8624
4975
5148
584
1493
5368
9175
1401
6681
9340
8973
9806
449
3954
8506
2873
9847
9545
9430
2547
2884
5163
7599
7400
6847
2953
5446
624
4887
1382
7466
6849
1107
6469
2544
5601
7980
4106
9911
5550
9171
9591
799
8943
465
6677
63
8146
1739
3898
7071
7945
1213
1159
3076
5547
7538
2271
9341
1102
6050
6451
1744
1474
8359
2860
130
8962
2700
923
4825
228
9529
6029
5431
2990
8840
5666
4231
3578
3879
7359
5384
5452
9244
3793
2945
954
8792
6131
2994
7933
2224
7123
4487
2479
5353
6686
7585
4738
2596
4059
9091
8818
5782
9527
428
130
8287
1510
1349
5296
356
126
968
5126
337
9287
9024
289
7850
5991
3437
399
1534
7577
2977
9504
4148
6769
5284
6744
7229
6806
3696
8438
2152
7891
820
3486
2952
4504
805
5035
2329
5597
5739
8268
7390
5603
8096
3379
7362
34
777
8701
6009
1036
8133
7090
6218
3578
5663
7527
135
4459
7269
8052
2652
3535
7743
8131
8682
8450
4051
2052
690
1919
3158
